-0.13231158
0.09736817
-0.12490384
0.09615281
-0.12326501
0.08969253
-0.13799247
0.10617598
-0.11245747
0.14171072
-0.09778179
-0.15025203
0.16142259
-0.08951196
0.17213701
-0.08138719
0.16241966
-0.08664881
0.15453492
-0.08944231
0.15214336
-0.09137838
0.11405817
-0.09202546
0.13354793
-0.09606664
0.14175811
-0.09467949
0.15366877
-0.09725611
0.15622937
-0.10025324
0.15670306
-0.10805089
0.15778339
-0.11388265
0.12369289
0.116698
-0.12270827
0.08927387
-0.12577099
0.07007429
-0.12618188
0.0669099
-0.11601903
0.07254178
-0.11078357
0.07912192
-0.10626813
0.08846469
-0.10149205
0.09799616
-0.10237615
0.09914622
-0.1126065
0.09650154
0.01737264
-0.1553056
0.08974857
0.17581969
-0.15965809
0.07374756
-0.16541194
0.08072265
-0.14634445
0.07041692
-0.1284005
0.07203877
-0.1096257
0.07914903
-0.09331611
0.11739869
-0.08175943
0.14558558
-0.0898702
0.15979699
-0.09578731
0.16534648
-0.10282743
0.15893693
-0.10177689
0.0180858
-0.10059479
0.12056275
-0.09946694
0.16685148
-0.09934124
-0.10009188
-0.09856112
-0.09877053
0.17775342
-0.10107316
0.17441493
-0.10800261
0.15994387
-0.11180119
0.1582437
-0.11670173
0.15601695
-0.11673663
0.15326796
-0.12109495
0.14889432
-0.12118594
0.14435477
-0.12025692
0.15266387
-0.11857527
0.15308722
-0.11347707
0.15841934
-0.11439887
0.161966
-0.12856931
0.12516092
-0.13789919
0.1016468
-0.14313582
0.08374687
-0.14506941
0.07078522
-0.14735189
0.065685
-0.15050364
0.06185194
-0.13765102
0.0710121
-0.13025214
0.07108681
-0.11296728
0.08679713
-0.09655589
0.0998874
-0.08556313
0.10399558
-0.07616368
0.10143879
-0.06419799
0.09981797
-0.08582284
-0.09812902
0.07057898
-0.10811112
0.06189382
-0.10525393
0.06378484
-0.09996889
0.06703344
-0.0976848
0.07745206
-0.09202236
0.08922068
-0.0746945
0.10903007
-0.10563612
0.09014221
-0.12723521
0.07330053
-0.13918665
0.0609898